1.000000000 0.000000000 -0.000000000 0.000000000 0.000000000 0.999999940 0.000000000 0.000000002 -0.000000000 0.000000000 1.000000000 -0.000000000
0.999991655 -0.002377024 -0.003327267 -0.003758040 0.002369747 0.999994755 -0.002189204 -0.005370528 0.003332453 0.002181301 0.999992073 0.664512098
0.999971569 -0.001099068 -0.007458140 -0.013061415 0.001072424 0.999992967 -0.003575434 -0.010807460 0.007462018 0.003567334 0.999965787 1.357264757
0.999931276 -0.001622044 -0.011605158 -0.021468597 0.001563183 0.999985874 -0.005079217 -0.009772225 0.011613234 0.005060728 0.999919713 2.097584248
0.999863923 -0.000083931 -0.016495826 -0.039960902 -0.000012270 0.999982893 -0.005831676 -0.011207242 0.016496036 0.005831084 0.999846935 2.826102972
0.999782443 -0.000685546 -0.020848459 -0.056886856 0.000559832 0.999981523 -0.006035109 -0.020960173 0.020852214 0.006022124 0.999764442 3.566393614
0.999678552 0.000715596 -0.025341975 -0.083899349 -0.000898834 0.999973536 -0.007219976 -0.027769027 0.025336135 0.007240433 0.999652743 4.322926044
0.999541044 0.003100813 -0.030132247 -0.117789306 -0.003344742 0.999962032 -0.008048255 -0.031123543 0.030106142 0.008145347 0.999513566 5.091887474
0.999392033 0.004040234 -0.034630548 -0.147234470 -0.004261117 0.999970913 -0.006306821 -0.044755876 0.034604073 0.006450552 0.999380350 5.882654190
0.999226153 0.003416219 -0.039184693 -0.183463454 -0.003570121 0.999986112 -0.003858266 -0.047370870 0.039170969 0.003995175 0.999224544 6.683218002
0.999105692 0.003047766 -0.042172346 -0.226784989 -0.003088155 0.999994755 -0.000892589 -0.061457284 0.042169411 0.001022024 0.999110043 7.488863468
0.998988271 0.004296934 -0.044766475 -0.269778669 -0.004379120 0.999988794 -0.001737950 -0.069114894 0.044758517 0.001932229 0.998995960 8.306897163
0.998905718 0.003788844 -0.046618413 -0.319309860 -0.003874341 0.999990940 -0.001743771 -0.077533185 0.046611387 0.001922478 0.998911202 9.123691559
0.998838782 0.001422416 -0.048158564 -0.365281343 -0.001549823 0.999995291 -0.002608355 -0.081718311 0.048154630 0.002679963 0.998836279 9.946559906
0.998691082 0.000460262 -0.051145509 -0.390644282 -0.000541004 0.999998569 -0.001564843 -0.090750828 0.051144723 0.001590464 0.998689950 10.814241409
0.998613715 -0.000891483 -0.052628562 -0.438793391 0.000785266 0.999997556 -0.002038885 -0.096738286 0.052630257 0.001994731 0.998612046 11.663068771
0.998515010 0.001452201 -0.054457668 -0.492980391 -0.001679748 0.999989986 -0.004132882 -0.109597698 0.054451130 0.004218220 0.998507500 12.517527580
0.998439431 0.001840829 -0.055815324 -0.542926550 -0.002223663 0.999974370 -0.006797612 -0.116458394 0.055801380 0.006911119 0.998417974 13.397607803
0.998329878 0.005522385 -0.057506319 -0.602567077 -0.006014844 0.999946594 -0.008393990 -0.129171565 0.057456903 0.008725864 0.998309851 14.274262428
0.998268247 0.006969474 -0.058413018 -0.660875857 -0.007451454 0.999939859 -0.008037508 -0.141543001 0.058353499 0.008458852 0.998260140 15.165136337
0.998185217 0.005768992 -0.059940837 -0.714432776 -0.006165422 0.999960244 -0.006430861 -0.155631006 0.059901360 0.006788750 0.998181224 16.058389664
0.998116195 0.006612331 -0.060993757 -0.779125214 -0.006953281 0.999961317 -0.005379359 -0.164285064 0.060955830 0.005793333 0.998123646 16.955549240
0.998052716 0.005880561 -0.062097535 -0.838446856 -0.006200243 0.999968410 -0.004956642 -0.182755128 0.062066432 0.005332009 0.998057783 17.860279083
0.997946203 0.005762033 -0.063797638 -0.896049261 -0.006142594 0.999964535 -0.005770591 -0.196036145 0.063762121 0.006150624 0.997946203 18.767019272
0.997887254 0.004335725 -0.064824507 -0.959652364 -0.004752312 0.999969006 -0.006273586 -0.209739208 0.064795308 0.006568399 0.997877002 19.680006027
0.997836530 0.003899885 -0.065626502 -1.016526461 -0.004209337 0.999980628 -0.004577747 -0.220247015 0.065607384 0.004844089 0.997833788 20.600458145
0.997830391 0.005840915 -0.065576777 -1.081609488 -0.005965534 0.999980688 -0.001704708 -0.227757469 0.065565564 0.002092210 0.997846067 21.527606964
0.997890234 0.006793713 -0.064566649 -1.147100925 -0.006680720 0.999975622 0.001965766 -0.235493124 0.064578444 -0.001530267 0.997911453 22.460248947
0.998002827 0.006113252 -0.062873252 -1.212357044 -0.005824390 0.999971569 0.004776608 -0.241762564 0.062900670 -0.004400869 0.998010099 23.391529083
0.998087227 0.005709047 -0.061556824 -1.268155217 -0.005358130 0.999968410 0.005864271 -0.252351224 0.061588358 -0.005523225 0.998086333 24.347370148
0.998162448 0.006160553 -0.060279995 -1.323511124 -0.005998123 0.999977887 0.002875177 -0.258698255 0.060296372 -0.002508327 0.998177350 25.290193558
0.998207688 0.006774447 -0.059461005 -1.384540915 -0.006898604 0.999974430 -0.001882998 -0.264214188 0.059446730 0.002289821 0.998228848 26.229120255
0.998284638 0.006638178 -0.058169410 -1.439905047 -0.006921147 0.999965072 -0.004664484 -0.274866790 0.058136426 0.005059082 0.998295844 27.190181732
0.998338401 0.003752797 -0.057500459 -1.492258310 -0.003977422 0.999984801 -0.003792554 -0.283718139 0.057485357 0.004014955 0.998338282 28.146198273
0.998338819 0.002390765 -0.057565358 -1.553525805 -0.002317466 0.999996364 0.001340045 -0.296819657 0.057568360 -0.001204414 0.998340786 29.126098633
0.998299837 -0.001180295 -0.058274832 -1.611370921 0.001458598 0.999987781 0.004733380 -0.308007479 0.058268528 -0.004810333 0.998289347 30.100984573
0.998188257 -0.008639090 -0.059545472 -1.656561136 0.008898818 0.999951959 0.004098060 -0.314169437 0.059507206 -0.004620520 0.998217165 31.062646866
0.998080790 -0.011057455 -0.060929317 -1.716988802 0.011111226 0.999938130 0.000543744 -0.323806703 0.060919538 -0.001219700 0.998141944 32.050350189
0.997989297 -0.011095351 -0.062404536 -1.774063706 0.010895226 0.999934256 -0.003546304 -0.331168503 0.062439781 0.002859261 0.998044670 33.014739990
0.997882128 -0.009725509 -0.064317569 -1.845431209 0.009467866 0.999945879 -0.004309392 -0.340979546 0.064356007 0.003691315 0.997920215 33.990669250
0.997833014 -0.010004969 -0.065032274 -1.914851189 0.009828285 0.999947011 -0.003036219 -0.350174606 0.065059200 0.002390483 0.997878492 34.991428375
0.997779846 -0.007098627 -0.066220418 -1.986488819 0.007115123 0.999974608 0.000013235 -0.366392791 0.066218652 -0.000484372 0.997805059 35.976642609
0.997672021 -0.007025050 -0.067832418 -2.051200151 0.007121200 0.999973953 0.001175777 -0.376478225 0.067822382 -0.001656089 0.997696042 36.984130859
0.997615695 -0.005809214 -0.068770200 -2.123029709 0.006087725 0.999974012 0.003840993 -0.385566741 0.068746105 -0.004250489 0.997625113 37.958713531
0.997643054 -0.005546638 -0.068392105 -2.196970701 0.006024091 0.999958813 0.006776863 -0.395690501 0.068351693 -0.007172891 0.997635543 38.964443207
0.997596025 0.000027465 -0.069299378 -2.259430170 0.000609054 0.999957800 0.009163928 -0.403744429 0.069296703 -0.009184105 0.997553766 39.900733948
0.997628748 0.000442138 -0.068823606 -2.356348276 0.000129482 0.999965489 0.008300893 -0.401458621 0.068824902 -0.008290122 0.997594357 40.927459717
0.997614861 0.000497177 -0.069023252 -2.423301697 -0.000037612 0.999977767 0.006659267 -0.408935845 0.069025017 -0.006640790 0.997592866 41.951705933
0.997609377 0.002880221 -0.069044657 -2.502708673 -0.002586344 0.999987185 0.004345344 -0.413552344 0.069056273 -0.004156384 0.997604191 42.948959351
0.997525930 0.001959872 -0.070271723 -2.576269865 -0.001638512 0.999987960 0.004630442 -0.419087857 0.070279934 -0.004503846 0.997517228 43.941249847
0.997455895 0.000070208 -0.071285024 -2.640166759 0.000325688 0.999984562 0.005542065 -0.428719342 0.071284294 -0.005551183 0.997440577 44.927806854
0.997424424 0.000395470 -0.071724355 -2.717529297 0.000097161 0.999976397 0.006864774 -0.439346552 0.071725383 -0.006854063 0.997400880 45.911605835
0.997414351 0.002956445 -0.071804054 -2.796788216 -0.002712428 0.999990225 0.003495649 -0.453833669 0.071813665 -0.003291847 0.997412622 46.877483368
0.997311234 0.003371635 -0.073204949 -2.869023085 -0.003452396 0.999993563 -0.000976704 -0.454813004 0.073201194 0.001226811 0.997316360 47.855209351
0.997281969 0.004539719 -0.073539659 -2.950062990 -0.004722241 0.999986172 -0.002308272 -0.463055104 0.073528171 0.002649270 0.997289598 48.823219299
0.997277439 0.003232737 -0.073670492 -3.026983023 -0.003125047 0.999993920 0.001576997 -0.485309929 0.073675133 -0.001342479 0.997281373 49.801086426
0.997234106 0.000772840 -0.074319176 -3.084702492 -0.000429316 0.999989092 0.004638136 -0.491125584 0.074321970 -0.004593402 0.997223735 50.767093658
0.997227013 -0.000805773 -0.074414738 -3.160713434 0.001199897 0.999985456 0.005251760 -0.501249492 0.074409440 -0.005326487 0.997213602 51.729274750
0.997202873 -0.004075502 -0.074629836 -3.233791590 0.004381990 0.999982595 0.003943489 -0.511446416 0.074612476 -0.004259486 0.997203529 52.684322357
0.997129679 -0.007567069 -0.075334199 -3.291864872 0.007814341 0.999964952 0.002988115 -0.523667157 0.075308941 -0.003568224 0.997153819 53.644321442
0.997067332 -0.008930710 -0.076006539 -3.368504047 0.009251325 0.999949694 0.003867245 -0.529534459 0.075968169 -0.004559064 0.997099876 54.597858429
0.996924043 -0.012713842 -0.077335984 -3.438699245 0.013365211 0.999879360 0.007910829 -0.532565057 0.077226065 -0.008920109 0.996973753 55.552452087
0.996879280 -0.012610153 -0.077927954 -3.512330532 0.013670405 0.999820888 0.013087041 -0.541774094 0.077748984 -0.014111506 0.996873021 56.490772247
0.996873558 -0.010794913 -0.078272931 -3.595120668 0.012014231 0.999813437 0.015123575 -0.540620267 0.078095078 -0.016016683 0.996817172 57.442230225
0.996745527 -0.009398741 -0.080063231 -3.671659946 0.010313906 0.999885976 0.011024659 -0.542733908 0.079950482 -0.011814545 0.996728837 58.380901337
0.996648431 -0.007994646 -0.081412494 -3.754261732 0.008307644 0.999959290 0.003506555 -0.551380098 0.081381157 -0.004171151 0.996674240 59.294559479
0.996609390 -0.006327610 -0.082033776 -3.831996918 0.006247792 0.999979675 -0.001229651 -0.565539002 0.082039885 0.000712952 0.996628761 60.201168060
0.996585310 -0.001278927 -0.082559876 -3.921840906 0.001235449 0.999998987 -0.000577699 -0.573841095 0.082560547 0.000473728 0.996585906 61.105232239
0.996457875 0.001642283 -0.084077001 -4.004065037 -0.001494526 0.999997199 0.001820312 -0.590834320 0.084079750 -0.001688209 0.996457577 62.001331329
0.996357739 0.003968541 -0.085179277 -4.081752300 -0.003696326 0.999987483 0.003353253 -0.604920745 0.085191533 -0.003026190 0.996360004 62.889785767
0.996240497 0.004317207 -0.086523302 -4.158069134 -0.004060101 0.999986768 0.003147293 -0.614464521 0.086535759 -0.002784168 0.996244848 63.758602142
0.996108592 0.005790594 -0.087943770 -4.241476059 -0.005448274 0.999976575 0.004132040 -0.624189317 0.087965652 -0.003636819 0.996116936 64.607772827
0.995982647 0.007582664 -0.089226276 -4.323881626 -0.007205056 0.999963582 0.004553360 -0.636589766 0.089257576 -0.003892187 0.996001005 65.449165344
0.995850801 0.006807212 -0.090747520 -4.397805214 -0.006359762 0.999966085 0.005218987 -0.645317376 0.090779983 -0.004620199 0.995860279 66.269264221
0.995758772 0.006804203 -0.091750942 -4.479706287 -0.006274430 0.999961913 0.006061235 -0.652399123 0.091788717 -0.005459843 0.995763540 67.078483582
0.995601773 0.009069764 -0.093246423 -4.558327675 -0.008266096 0.999925315 0.009001398 -0.661113739 0.093321115 -0.008191023 0.995602369 67.876960754
0.995471716 0.011431922 -0.094369568 -4.640000343 -0.010261782 0.999864399 0.012875543 -0.665856838 0.094503962 -0.011848836 0.995454013 68.659751892
0.995273590 0.014957240 -0.095951632 -4.724188805 -0.013637383 0.999803364 0.014396520 -0.667687953 0.096148081 -0.013019948 0.995281875 69.437469482
0.995116353 0.017570179 -0.097132377 -4.804486275 -0.016622823 0.999806106 0.010553974 -0.680371284 0.097298980 -0.008887818 0.995215535 70.176788330
0.994999886 0.017610630 -0.098311327 -4.883505344 -0.017397651 0.999844015 0.003023304 -0.685873628 0.098349236 -0.001297801 0.995151103 70.895942688
0.994829178 0.016748421 -0.100171573 -4.951116562 -0.017089749 0.999850690 -0.002550222 -0.696993530 0.100113899 0.004248943 0.994966924 71.610961914
0.994780660 0.016521018 -0.100690179 -5.016774654 -0.016957844 0.999850154 -0.003483867 -0.704287827 0.100617528 0.005173172 0.994911790 72.294502258
0.994667828 0.019985411 -0.101175852 -5.108302116 -0.020126540 0.999797344 -0.000374210 -0.711103141 0.101147875 0.002408534 0.994868517 72.978843689
0.994514823 0.020339439 -0.102599472 -5.179766178 -0.020229287 0.999792993 0.002114093 -0.730021298 0.102621242 -0.000026983 0.994720519 73.631393433
0.994489074 0.017130315 -0.103431731 -5.243175983 -0.017334588 0.999849141 -0.001076322 -0.743251204 0.103397697 0.002863337 0.994635999 74.256126404
0.994587779 0.009185221 -0.103493087 -5.297757626 -0.009897047 0.999930859 -0.006366582 -0.755316734 0.103427447 0.007356401 0.994609773 74.871292114
0.994705319 0.004636415 -0.102664068 -5.351062775 -0.005843862 0.999917209 -0.011463515 -0.757734716 0.102602407 0.012002775 0.994650066 75.477424622
0.994986117 0.006799092 -0.099781871 -5.408345699 -0.008028893 0.999896586 -0.011928510 -0.766692340 0.099690445 0.012669839 0.994937837 76.066246033
0.995381594 0.011828177 -0.095265634 -5.476807594 -0.012716342 0.999881148 -0.008721334 -0.782030940 0.095151141 0.009892486 0.995413721 76.628387451
0.995834172 0.010356134 -0.090593018 -5.526943207 -0.010850811 0.999928772 -0.004969621 -0.804772317 0.090535097 0.005931926 0.995875597 77.173179626
0.996360421 0.006768742 -0.084970683 -5.558969021 -0.006878580 0.999975860 -0.000999974 -0.815587938 0.084961846 0.001580813 0.996383011 77.708084106
0.997086644 0.002176680 -0.076246172 -5.599328518 -0.001992273 0.999994874 0.002494534 -0.830075204 0.076251209 -0.002335362 0.997085929 78.230895996
0.997786462 0.006242316 -0.066205673 -5.625291348 -0.006077816 0.999977827 0.002685797 -0.848491073 0.066220962 -0.002277466 0.997802377 78.766700745
0.998618543 0.011517326 -0.051266566 -5.651552200 -0.011420109 0.999932349 0.002188840 -0.855635345 0.051288307 -0.001600347 0.998682618 79.270843506
0.999320865 0.016532324 -0.032933168 -5.671442509 -0.016448902 0.999860704 0.002802371 -0.862527370 0.032974925 -0.002258753 0.999453604 79.771354675
0.999823987 0.015229721 -0.010954973 -5.661376953 -0.015194352 0.999879003 0.003304388 -0.867694974 0.011003982 -0.003137352 0.999934494 80.258407593
0.999817729 0.011653147 0.015127313 -5.630518436 -0.011716655 0.999922812 0.004116543 -0.874089420 -0.015078177 -0.004293034 0.999877095 80.721855164
0.998949468 0.010332045 0.044646800 -5.589133739 -0.010596626 0.999927580 0.005693496 -0.883573472 -0.044584725 -0.006160622 0.998986602 81.163192749
0.996954918 0.009472128 0.077404022 -5.526747704 -0.010099580 0.999919116 0.007718732 -0.898080230 -0.077324636 -0.008476977 0.996969998 81.604896545
0.993268788 0.009942343 0.115405008 -5.464594364 -0.010911733 0.999910235 0.007771162 -0.896424830 -0.115317382 -0.008978122 0.993288159 82.013374329
0.987512231 0.010300668 0.157205328 -5.373084068 -0.011645266 0.999903023 0.007634419 -0.899591982 -0.157111451 -0.009369781 0.987536490 82.444740295
0.979373932 0.009665661 0.201825202 -5.251244545 -0.011471057 0.999903917 0.007777629 -0.909193099 -0.201730639 -0.009932354 0.979390740 82.857772827
0.967999160 0.012025046 0.250665456 -5.116652966 -0.013840776 0.999889195 0.005481984 -0.915810525 -0.250571758 -0.008775960 0.968058348 83.256210327
0.952567399 0.013045246 0.304048032 -4.972810745 -0.014616466 0.999888957 0.002892212 -0.928533316 -0.303976595 -0.007199135 0.952652335 83.629966736
0.932794333 0.013492835 0.360156745 -4.802676678 -0.014325149 0.999897182 -0.000358237 -0.929022014 -0.360124618 -0.004825124 0.932891846 83.993667603
0.908681393 0.013579323 0.417269647 -4.598358154 -0.014154333 0.999898314 -0.001716287 -0.939595282 -0.417250544 -0.004346602 0.908781230 84.349464417
0.879855394 0.012636313 0.475073755 -4.381978512 -0.012688547 0.999914587 -0.003096652 -0.953295052 -0.475072354 -0.003303376 0.879940689 84.671607971
0.845883787 0.013153313 0.533204973 -4.163608074 -0.011668158 0.999912977 -0.006155720 -0.943388104 -0.533239603 -0.001014497 0.845963657 84.946968079
0.808816135 0.012919698 0.587919712 -3.907664776 -0.010380170 0.999916494 -0.007693179 -0.950495124 -0.587970078 0.000119661 0.808882713 85.234672546
0.768773198 0.011608989 0.639416099 -3.631453753 -0.009598846 0.999931991 -0.006613634 -0.963194966 -0.639449418 -0.001053271 0.768832445 85.505180359
0.726413369 0.011444546 0.687162757 -3.336862803 -0.011290510 0.999925137 -0.004718112 -0.967914104 -0.687165380 -0.004331118 0.726488173 85.749588013
0.681683540 0.009998187 0.731578827 -3.031100035 -0.009651627 0.999942541 -0.004672438 -0.975551784 -0.731583416 -0.003875801 0.681740820 85.965446472
0.635830104 0.007641000 0.771782041 -2.707581520 -0.005668096 0.999970257 -0.005230436 -0.983978927 -0.771799028 -0.001049208 0.635854423 86.163116455
0.589075148 0.005714044 0.808049202 -2.365004539 0.000534264 0.999972045 -0.007460603 -0.979853153 -0.808069229 0.004826225 0.589055479 86.354782104
0.542990208 0.007491456 0.839697123 -2.034741402 -0.001571153 0.999967515 -0.007905257 -0.994005144 -0.839729071 0.002972842 0.542984247 86.514549255
0.496161222 0.010575104 0.868157804 -1.699048519 -0.004829124 0.999943912 -0.009420427 -0.999529421 -0.868208706 0.000481268 0.496184468 86.664916992
0.448284954 0.013581363 0.893787444 -1.396677494 -0.008012004 0.999905407 -0.011175381 -1.022275448 -0.893854737 -0.002151272 0.448351383 86.804336548
0.405511469 0.011364156 0.914019227 -1.046564817 -0.000643285 0.999925971 -0.012146848 -1.025001526 -0.914089739 0.004337713 0.405488759 86.916351318
0.366493464 0.003380620 0.930414438 -0.673872113 0.014692184 0.999847531 -0.009420203 -1.031400323 -0.930304646 0.017122265 0.366387963 87.001014709
0.330878586 -0.000388825 0.943674982 -0.311412483 0.019057769 0.999798656 -0.006270256 -1.036689281 -0.943482637 0.020059077 0.330819398 87.090400696
0.297599465 0.003798805 0.954684913 0.059580725 0.016209565 0.999827743 -0.009031390 -1.044682503 -0.954554975 0.018162809 0.297486663 87.191879272
0.267513454 0.010922444 0.963493943 0.424200267 0.006012474 0.999897242 -0.013004505 -1.059287071 -0.963537097 0.009271905 0.267420322 87.280441284
0.238240704 0.016312364 0.971069157 0.776094019 0.001027642 0.999854088 -0.017048026 -1.069552779 -0.971205592 0.005059445 0.238189191 87.369277954
0.212541968 0.017899435 0.976988018 1.167547584 0.002550578 0.999818563 -0.018872591 -1.084624648 -0.977148652 0.006503101 0.212457746 87.434226990
0.188889727 0.019400725 0.981816828 1.574601293 0.009320144 0.999724388 -0.021547934 -1.087633371 -0.981964231 0.013221021 0.188656852 87.491676331
0.169300720 0.025262762 0.985250711 1.983611345 0.016242631 0.999464035 -0.028418535 -1.093831062 -0.985440671 0.020814506 0.168799669 87.526039124
0.149132118 0.032514028 0.988292634 2.411971569 0.018619198 0.999189675 -0.035682414 -1.088567257 -0.988651991 0.023722775 0.148405880 87.584297180
0.131765187 0.033287812 0.990721881 2.839249849 0.016046328 0.999233365 -0.035707939 -1.109268546 -0.991151094 0.020602517 0.131130040 87.633232117
0.116346434 0.029109504 0.992781997 3.295339108 0.013865639 0.999425352 -0.030929234 -1.133277774 -0.993111968 0.017364066 0.115875959 87.679801941
0.101839058 0.025712956 0.994468510 3.768668890 0.014136619 0.999527395 -0.027291430 -1.159685731 -0.994700372 0.016837755 0.101427451 87.723426819
0.088802464 0.023470430 0.995772719 4.247786522 0.016358729 0.999553025 -0.025018394 -1.175005913 -0.995914876 0.018511269 0.088378847 87.750061035
0.076845385 0.022329636 0.996792912 4.721557140 0.019879729 0.999516070 -0.023923218 -1.188785911 -0.996844828 0.021654360 0.076364301 87.777992249
0.066703245 0.023058396 0.997506380 5.232947826 0.023201924 0.999426782 -0.024654299 -1.203185081 -0.997502983 0.024788590 0.066130012 87.802261353
0.058782790 0.023592548 0.998041749 5.758783340 0.025387323 0.999362051 -0.025121480 -1.217799306 -0.997997701 0.026814502 0.058146335 87.831222534
0.053254809 0.023775546 0.998347580 6.304308414 0.026815321 0.999321938 -0.025231609 -1.236886501 -0.998270571 0.028114898 0.052581146 87.853317261
0.047628161 0.025106912 0.998549521 6.850365162 0.027972624 0.999258399 -0.026458953 -1.247970104 -0.998473406 0.029192243 0.046890538 87.874725342
0.042085096 0.025761535 0.998781860 7.423771381 0.028714880 0.999223292 -0.026982866 -1.264586926 -0.998701334 0.029815480 0.041312680 87.888900757
0.037222702 0.025750348 0.998975217 8.025012016 0.031004045 0.999156892 -0.026910271 -1.284299254 -0.998825908 0.031973932 0.036392961 87.913360596
0.034301981 0.025949944 0.999074638 8.643809319 0.032133758 0.999117315 -0.027054327 -1.301122069 -0.998894811 0.033032037 0.033437837 87.931686401
0.031372655 0.025264004 0.999188304 9.282579422 0.033365712 0.999096870 -0.026309306 -1.323537350 -0.998950720 0.034164015 0.030501366 87.947074890
0.029239310 0.024719648 0.999266684 9.938240051 0.035479203 0.999038517 -0.025752151 -1.344130874 -0.998942614 0.036206160 0.028334165 87.959518433
0.028461054 0.024280556 0.999299943 10.610980988 0.040011782 0.998876035 -0.025409831 -1.365721226 -0.998793781 0.040706970 0.027457559 87.973976135
0.029224997 0.024085989 0.999282598 11.300902367 0.043597106 0.998727560 -0.025347648 -1.383303881 -0.998621643 0.044306614 0.028137734 87.990516663
0.031771891 0.023842920 0.999210715 12.004396439 0.045418113 0.998648167 -0.025273660 -1.408782601 -0.998462737 0.046185255 0.030646047 88.011688232
0.035669051 0.023812801 0.999079943 12.723803520 0.047577042 0.998542011 -0.025498569 -1.426378846 -0.998230517 0.048442785 0.034484111 88.039436340
0.040099222 0.023318397 0.998923600 13.465948105 0.048030611 0.998526990 -0.025237205 -1.448172331 -0.998040676 0.048990898 0.038920157 88.070541382
0.044070456 0.021626564 0.998794377 14.222336769 0.049497183 0.998490453 -0.023803985 -1.470753193 -0.997801483 0.050486561 0.042933486 88.106323242
0.047697663 0.020134566 0.998638749 14.992818832 0.048822653 0.998554766 -0.022463189 -1.497909546 -0.997647762 0.049828079 0.046645716 88.141532898
0.052227717 0.017989829 0.998473108 15.761314392 0.046350703 0.998716652 -0.020418702 -1.511832714 -0.997559011 0.047346361 0.051326837 88.188522339
0.055911854 0.017104916 0.998289227 16.555976868 0.045374516 0.998776674 -0.019654591 -1.531472445 -0.997404218 0.046395816 0.055067323 88.247322083
0.060060404 0.017773787 0.998036504 17.355258942 0.042899556 0.998871744 -0.020370295 -1.557010055 -0.997272551 0.044038761 0.059230153 88.300697327
0.063114382 0.021890812 0.997766197 18.151903152 0.040247742 0.998890162 -0.024461370 -1.587756515 -0.997194469 0.041701701 0.062163290 88.354507446
0.064494304 0.027360318 0.997542977 18.952049255 0.034366537 0.998970151 -0.029621374 -1.611997008 -0.997326195 0.036192507 0.063487619 88.415855408
0.063977547 0.030415539 0.997487783 19.759597778 0.031492345 0.998975992 -0.032480802 -1.640113115 -0.997454345 0.033491269 0.062954180 88.480079651
0.063875899 0.029982362 0.997507334 20.564355850 0.028809393 0.999076545 -0.031874351 -1.675117850 -0.997541904 0.030773588 0.062953144 88.541976929
0.064289048 0.028017269 0.997537971 21.391477585 0.026107352 0.999216437 -0.029746968 -1.714563370 -0.997589767 0.027955480 0.063507237 88.598838806
0.064077400 0.026826767 0.997584283 22.216308594 0.026896810 0.999229074 -0.028598644 -1.745537877 -0.997582436 0.028664365 0.063306451 88.659088135
0.064197928 0.025775246 0.997604311 23.029159546 0.024605898 0.999321580 -0.027403057 -1.784420609 -0.997633755 0.026306169 0.063520171 88.719848633
0.064671412 0.026036438 0.997566879 23.848066330 0.022934973 0.999356747 -0.027570002 -1.822288871 -0.997643113 0.024662161 0.064032659 88.773956299
0.064492017 0.026581215 0.997564137 24.641685486 0.019328061 0.999424338 -0.027880332 -1.859168768 -0.997730970 0.021079039 0.063941129 88.830749512
0.063175537 0.028056046 0.997608006 25.452735901 0.016443294 0.999439776 -0.029148865 -1.890609145 -0.997866929 0.018245455 0.062678814 88.889236450
0.060069099 0.027665609 0.997810781 26.268510818 0.013068287 0.999508321 -0.028499397 -1.925275326 -0.998108625 0.014751609 0.059678029 88.949180603
0.056266453 0.026715415 0.998058259 27.077508926 0.010912189 0.999565721 -0.027370948 -1.955281258 -0.998356164 0.012431064 0.055950493 89.000984192
0.051673457 0.024063583 0.998374104 27.864559174 0.008835272 0.999659479 -0.024551859 -1.988950253 -0.998624980 0.010089586 0.051443268 89.038833618
0.045624536 0.021975303 0.998716891 28.675582886 0.006700577 0.999728739 -0.022303669 -2.020582676 -0.998936236 0.007709575 0.045464922 89.078666687
0.038129918 0.022429939 0.999021053 29.477224350 0.006436652 0.999721825 -0.022691341 -2.049889565 -0.999252021 0.007295570 0.037974946 89.106857300
0.029821139 0.023164254 0.999286830 30.279983521 0.006706663 0.999704182 -0.023374075 -2.080631256 -0.999532819 0.007398922 0.029656973 89.123382568
0.019492056 0.023521716 0.999533236 31.079984665 0.006173855 0.999701262 -0.023646064 -2.107094526 -0.999790907 0.006631885 0.019341014 89.151649475
0.009189493 0.023059720 0.999691725 31.879016876 0.007756901 0.999702215 -0.023131268 -2.129888296 -0.999927700 0.007967076 0.009007887 89.157791138
-0.001824791 0.021881973 0.999758780 32.670768738 0.006908552 0.999736845 -0.021868885 -2.163274288 -0.999974489 0.006866981 -0.001975485 89.159004211
-0.012669771 0.020933855 0.999700487 33.456829071 0.007880284 0.999751866 -0.020835057 -2.191468716 -0.999888718 0.007613948 -0.012831591 89.143264771
-0.023629470 0.021513486 0.999489248 34.237884521 0.007796687 0.999741971 -0.021334600 -2.216913462 -0.999690413 0.007288579 -0.023791108 89.121879578
-0.034490354 0.022206582 0.999158204 35.011947632 0.007914199 0.999727786 -0.021946047 -2.244957447 -0.999373674 0.007150612 -0.034656718 89.092079163
-0.045130324 0.022954302 0.998717368 35.778701782 0.008524639 0.999708354 -0.022591868 -2.280091524 -0.998944700 0.007494124 -0.045312837 89.056060791
-0.055737305 0.024127755 0.998153925 36.544563293 0.009048248 0.999679029 -0.023659371 -2.305016994 -0.998404443 0.007712833 -0.055937730 89.015785217
-0.065070450 0.024500247 0.997579813 37.299648285 0.010032876 0.999664128 -0.023897009 -2.339585781 -0.997830212 0.008453607 -0.065294392 88.959312439
-0.074834652 0.025172064 0.996878147 38.061592102 0.010794837 0.999643207 -0.024431525 -2.363661766 -0.997137547 0.008932815 -0.075079672 88.907409668
-0.084121794 0.025758941 0.996122479 38.801040649 0.011510790 0.999624252 -0.024877418 -2.391502857 -0.996389031 0.009373424 -0.084386684 88.844902039
-0.092768669 0.025149316 0.995370030 39.535678864 0.012756518 0.999628961 -0.024068011 -2.418609142 -0.995606005 0.010464699 -0.093055069 88.772094727
-0.100047506 0.023725253 0.994699717 40.259376526 0.014380717 0.999645710 -0.022396797 -2.451316118 -0.994878769 0.012063752 -0.100353241 88.694602966
-0.105210744 0.022256166 0.994200826 40.982536316 0.017112160 0.999642015 -0.020567082 -2.476546288 -0.994302750 0.014849047 -0.105553932 88.617179871
-0.108811066 0.020815477 0.993844509 41.691654205 0.020277629 0.999619126 -0.018716328 -2.500370026 -0.993855596 0.018116266 -0.109191723 88.530944824
-0.111856319 0.019613411 0.993530810 42.394172668 0.021563856 0.999617696 -0.017305814 -2.523288250 -0.993490398 0.019488586 -0.112236485 88.453475952
-0.113686778 0.018771768 0.993339300 43.077564240 0.021462420 0.999634683 -0.016434375 -2.546287537 -0.993284822 0.019451095 -0.114048108 88.379196167
-0.114551596 0.019088177 0.993233860 43.740333557 0.022671469 0.999605119 -0.016595878 -2.570945740 -0.993158579 0.020616993 -0.114939138 88.302810669
-0.113075450 0.020370480 0.993377566 44.391639709 0.023336850 0.999568462 -0.017841013 -2.589945793 -0.993312299 0.021164924 -0.113502033 88.232139587
-0.110421479 0.022078831 0.993639648 45.003379822 0.024434598 0.999511302 -0.019493926 -2.610049963 -0.993584454 0.022126634 -0.110907011 88.162590027
-0.105448812 0.022193106 0.994177043 45.620212555 0.024289181 0.999510050 -0.019735890 -2.637607813 -0.994128048 0.022066621 -0.105936229 88.098388672
-0.097254135 0.022826601 0.994997740 46.201553345 0.023442211 0.999512076 -0.020638853 -2.662539959 -0.994983554 0.021317739 -0.097741783 88.043716431
-0.086193047 0.023180187 0.996008694 46.800624847 0.022846190 0.999512315 -0.021284651 -2.679086447 -0.996016502 0.020920416 -0.086680606 88.001884460
-0.072632745 0.023149425 0.997090042 47.353282928 0.021961994 0.999525189 -0.021606151 -2.706351519 -0.997116923 0.020328771 -0.073106691 87.972198486
-0.055961899 0.023919428 0.998146415 47.899261475 0.020663116 0.999526620 -0.022794006 -2.738676548 -0.998219132 0.019349221 -0.056429666 87.964096069
-0.034315106 0.026668113 0.999055207 48.402770996 0.018520329 0.999489188 -0.026043572 -2.760405779 -0.999239445 0.017609144 -0.034791481 87.956710815
-0.009554411 0.029787844 0.999510586 48.926399231 0.016556418 0.999423862 -0.029626997 -2.783727884 -0.999817312 0.016265245 -0.010042083 87.969512939
0.018625142 0.031568903 0.999328017 49.439537048 0.014392749 0.999389410 -0.031839091 -2.805430412 -0.999722958 0.014976087 0.018159414 88.001396179
0.051298428 0.030858286 0.998206496 49.945323944 0.011291358 0.999440730 -0.031476710 -2.830107689 -0.998619616 0.012885815 0.050921310 88.054183960
0.090676807 0.027900739 0.995489419 50.414558411 0.010546427 0.999524415 -0.028974481 -2.859441042 -0.995824516 0.013126169 0.090339452 88.091918945
0.132765517 0.024467761 0.990845382 50.937477112 0.008377746 0.999631763 -0.025807282 -2.877806902 -0.991112053 0.011727370 0.132511660 88.190795898
0.178465977 0.020252967 0.983737648 51.425937653 0.005614969 0.999750912 -0.021601290 -2.898029089 -0.983930111 0.009378754 0.178307801 88.300323486
0.226794586 0.016836658 0.973797083 51.909755707 0.001128162 0.999845326 -0.017549772 -2.916609526 -0.973941982 0.005078794 0.226740524 88.445312500
0.278472453 0.015346008 0.960321605 52.383625031 -0.002716520 0.999880910 -0.015190435 -2.932075024 -0.960440397 0.001621384 0.278480947 88.611854553
0.333469987 0.015122721 0.942610681 52.828750610 -0.004495067 0.999885499 -0.014450153 -2.952797651 -0.942721307 0.000581129 0.333499819 88.795989990
0.388402760 0.015557016 0.921358466 53.231464386 -0.002054384 0.999869645 -0.016016630 -2.967610598 -0.921487451 0.004328081 0.388384074 89.039962769
0.449234873 0.018118968 0.893230021 53.650318146 -0.000921263 0.999803185 -0.019817447 -2.989517927 -0.893413186 0.008079789 0.449163198 89.275245667
0.509694159 0.021029986 0.860098720 54.049106598 0.000229753 0.999697864 -0.024579430 -3.009860516 -0.860355735 0.012725603 0.509535313 89.537483215
0.568381429 0.026611036 0.822334886 54.403793335 -0.003118128 0.999539316 -0.030190244 -3.001917124 -0.822759449 0.014595426 0.568202436 89.821197510
0.621386051 0.029028488 0.782966673 54.723354340 -0.007323066 0.999484897 -0.031244101 -3.024296999 -0.783470333 0.013680930 0.621278703 90.169624329
0.674980521 0.029379327 0.737250388 55.052177429 -0.008647528 0.999453306 -0.031910937 -3.045157671 -0.737784922 0.015163866 0.674865663 90.511146545
0.724078298 0.027554814 0.689176142 55.345451355 -0.008854084 0.999490619 -0.030659985 -3.060822248 -0.689669847 0.016098516 0.723953485 90.868858337
0.767905891 0.025214249 0.640075862 55.582023621 -0.011624752 0.999608874 -0.025431482 -3.070367575 -0.640466750 0.012088573 0.767898798 91.257041931
0.809294879 0.022256238 0.586991310 55.831348419 -0.012769090 0.999712288 -0.020300614 -3.058564425 -0.587274253 0.008934149 0.809346437 91.666557312
0.846853614 0.017261241 0.531545877 56.067337036 -0.012836345 0.999845505 -0.012017902 -3.084809542 -0.531671107 0.003354296 0.846944273 92.081954956
0.878307641 0.013785731 0.477897018 56.256752014 -0.013287408 0.999901950 -0.004423438 -3.093479633 -0.477911174 -0.002464874 0.878404737 92.513168335
0.903986812 0.014869368 0.427297145 56.418251038 -0.016899813 0.999856651 0.000959627 -3.100837708 -0.427221745 -0.008088876 0.904108584 92.954193115
0.924118280 0.016562784 0.381742299 56.545223236 -0.020132998 0.999782920 0.005360045 -3.118816376 -0.381570756 -0.012639080 0.924251139 93.382255554
0.939114571 0.023048058 0.342824399 56.649436951 -0.027587205 0.999584377 0.008369143 -3.130836725 -0.342489094 -0.017317301 0.939360142 93.815139771
0.950784445 0.027190387 0.308651388 56.747978210 -0.031089218 0.999486804 0.007720007 -3.131462574 -0.308283210 -0.016935941 0.951141894 94.264862061
0.960441589 0.028381940 0.277031332 56.880287170 -0.031753957 0.999466002 0.007692396 -3.125638723 -0.276665062 -0.016184939 0.960830033 94.738243103
0.966590226 0.023810126 0.255218565 56.993026733 -0.026607091 0.999617636 0.007511711 -3.126974106 -0.254942119 -0.014051371 0.966854215 95.210578918
0.970669866 0.020283645 0.239555806 57.101119995 -0.023027739 0.999697149 0.008660922 -3.133899450 -0.239307582 -0.013923521 0.970843136 95.697181702
0.973532915 0.025091274 0.227162153 57.195129395 -0.027651018 0.999584794 0.008092280 -3.130177736 -0.226864830 -0.014159562 0.973822534 96.197723389
0.975583196 0.030408597 0.217511535 57.288703918 -0.033101730 0.999413610 0.008747444 -3.129060030 -0.217118010 -0.015734063 0.976017833 96.703781128
0.976586878 0.038932621 0.211567506 57.382621765 -0.041422289 0.999114573 0.007346405 -3.129937172 -0.211094156 -0.015938208 0.977335036 97.204353333
0.977036595 0.044094451 0.208455518 57.482257843 -0.045959502 0.998934746 0.004109149 -3.132970095 -0.208052248 -0.013595498 0.978022456 97.718284607
0.976998091 0.045610771 0.208309427 57.577087402 -0.046985861 0.998894036 0.001654819 -3.138237238 -0.208003566 -0.011404548 0.978060782 98.245735168
0.976773977 0.043160610 0.209880352 57.719902039 -0.043694615 0.999042690 -0.002094206 -3.139443636 -0.209769800 -0.007125075 0.977724850 98.785041809
0.976019740 0.041940417 0.213603780 57.845046997 -0.041049052 0.999120057 -0.008608597 -3.142749548 -0.213776857 -0.000366073 0.976882398 99.330841064
0.975024700 0.042306077 0.218023449 57.966373444 -0.040346850 0.999095321 -0.013432621 -3.144515276 -0.218394518 0.004299921 0.975849628 99.890678406
0.973770261 0.047386911 0.222537652 58.087322235 -0.045688860 0.998873889 -0.012775792 -3.157604694 -0.222892478 0.002272540 0.974838912 100.469001770
0.972338319 0.050537508 0.228037775 58.221817017 -0.049725913 0.998719335 -0.009307158 -3.158572912 -0.228216127 -0.002290334 0.973606348 101.058143616
0.971433342 0.047229901 0.232565060 58.374637604 -0.047549509 0.998859942 -0.004234795 -3.173969984 -0.232499927 -0.006944534 0.972571611 101.658454895
0.970759571 0.043090913 0.236154839 58.530422211 -0.044640530 0.999002337 0.001216544 -3.179797173 -0.235866845 -0.011723050 0.971714616 102.271347046
0.969929934 0.040369056 0.240010843 58.686077118 -0.043111298 0.999050975 0.006183849 -3.187857151 -0.239533454 -0.016345311 0.970749974 102.898384094
0.969409883 0.035293806 0.242894322 58.848762512 -0.038092647 0.999250710 0.006834395 -3.192465305 -0.242471129 -0.015878052 0.970028162 103.526000977
0.969391584 0.032211132 0.243395522 59.007656097 -0.034100384 0.999411941 0.003551554 -3.196544170 -0.243138060 -0.011742959 0.969920099 104.167366028
0.969518960 0.031827286 0.242940068 59.179668427 -0.031896338 0.999484479 -0.003650127 -3.197175980 -0.242931023 -0.004210034 0.970034361 104.828491211
0.969657898 0.034057632 0.242081732 59.339702606 -0.032527979 0.999417543 -0.010313787 -3.202805281 -0.242292032 0.002126415 0.970201015 105.488677979
0.970175922 0.037167769 0.239535615 59.496685028 -0.034755427 0.999293625 -0.014288663 -3.204084158 -0.239897519 0.005537355 0.970782399 106.167846680
0.970855296 0.035204224 0.237068236 59.663463593 -0.033846311 0.999379039 -0.009796773 -3.212110996 -0.237265915 0.001487458 0.971443892 106.855697632
0.971309602 0.031261008 0.235754818 59.834987640 -0.031721048 0.999495029 -0.001842016 -3.225513935 -0.235693380 -0.005689223 0.971810758 107.550964355
0.971934378 0.031845950 0.233086869 60.005802155 -0.033694919 0.999424338 0.003954018 -3.233511448 -0.232826784 -0.011696891 0.972447872 108.271797180
0.972185910 0.034987170 0.231582478 60.161533356 -0.036791582 0.999316812 0.003475991 -3.245411396 -0.231302708 -0.011899596 0.972809017 108.994621277
0.972465336 0.040954273 0.229420796 60.322456360 -0.041731622 0.999127746 -0.001464522 -3.245042562 -0.229280651 -0.008149906 0.973326206 109.722709656
0.973407269 0.041815251 0.225233093 60.490020752 -0.041349158 0.999121666 -0.006788315 -3.250420809 -0.225319117 -0.002705405 0.974281251 110.459129333
0.974293113 0.040501498 0.221613318 60.659847260 -0.039345291 0.999179244 -0.009631212 -3.258447170 -0.221821517 0.000664183 0.975087047 111.227943420
0.975219786 0.038344212 0.217889979 60.828269958 -0.037500612 0.999264479 -0.008007091 -3.267874479 -0.218036756 -0.000362333 0.975940526 111.997200012
0.976096511 0.034778975 0.214536950 60.996025085 -0.034287263 0.999393880 -0.006013971 -3.277353287 -0.214616120 -0.001485669 0.976697385 112.774642944
0.976483047 0.033624474 0.212955922 61.159805298 -0.033772886 0.999425232 -0.002941908 -3.292800665 -0.212932438 -0.004319412 0.977057397 113.556213379
0.976868212 0.030252524 0.211691484 61.336204529 -0.030738153 0.999526918 -0.000997163 -3.295416832 -0.211621523 -0.005532908 0.977335989 114.358474731
0.977115035 0.025373269 0.211192772 61.512382507 -0.026036352 0.999660850 0.000359117 -3.302310944 -0.211112052 -0.005849587 0.977444351 115.158935547
0.977234066 0.025825916 0.210586235 61.684276581 -0.026742946 0.999641120 0.001507564 -3.304491997 -0.210471720 -0.007104940 0.977574110 115.974555969
0.977045178 0.031206954 0.210734129 61.853900909 -0.031881824 0.999491572 -0.000195059 -3.318513870 -0.210633084 -0.006528009 0.977543354 116.761291504
0.976643682 0.037223913 0.211616158 62.015789032 -0.037347697 0.999296486 -0.003413436 -3.326431274 -0.211594373 -0.004569666 0.977346897 117.613082886
0.976108015 0.045690443 0.212427646 62.182018280 -0.045687530 0.998943627 -0.004925031 -3.330958843 -0.212428302 -0.004897933 0.977164388 118.448867798
0.975183308 0.051549032 0.215314031 62.349559784 -0.051781796 0.998647928 -0.004563540 -3.338788986 -0.215258196 -0.006699060 0.976534188 119.278717041
0.974308372 0.054271620 0.218581274 62.519245148 -0.055043340 0.998480618 -0.002561880 -3.351706028 -0.218388230 -0.009535383 0.975815415 120.118675232
0.973709285 0.055218719 0.220999599 62.707542419 -0.055953849 0.998429000 -0.002937516 -3.375771523 -0.220814586 -0.009505572 0.975269258 120.916229248
0.973418593 0.053408936 0.222719163 62.896984100 -0.053338137 0.998556376 -0.006337582 -3.376123428 -0.222736120 -0.005710308 0.974862039 121.771690369
0.973401308 0.047285717 0.224174187 63.092376709 -0.047383375 0.998864412 -0.004946989 -3.389794588 -0.224153563 -0.005806727 0.974536598 122.611106873
0.973670840 0.040594678 0.224314988 63.296810150 -0.040161520 0.999172032 -0.006495212 -3.406550646 -0.224392921 -0.002684633 0.974495053 123.452842712
0.973366022 0.040081572 0.225726038 63.483272552 -0.039597876 0.999193370 -0.006671927 -3.422384262 -0.225811407 -0.002444045 0.974167943 124.287887573
0.972975016 0.041817676 0.227092251 63.681617737 -0.042169884 0.999104977 -0.003302631 -3.440016747 -0.227027118 -0.006363077 0.973867655 125.108818054
0.972524762 0.043725528 0.228655949 63.863510132 -0.045458186 0.998963594 0.002313565 -3.449046612 -0.228317797 -0.012644285 0.973504543 125.946411133
0.972098529 0.047377132 0.229738548 64.043952942 -0.050254043 0.998714030 0.006684434 -3.463704824 -0.229126453 -0.018043220 0.973229408 126.776039124
0.971847177 0.047252886 0.230825424 64.226554871 -0.048658662 0.998815417 0.000398021 -3.479041576 -0.230533198 -0.011618473 0.972995043 127.594497681
0.972192585 0.042960931 0.230208546 64.438232422 -0.040729798 0.999065876 -0.014437308 -3.489317894 -0.230613753 0.004659494 0.973034263 128.413085938
