0.999999940 0.000000000 0.000000000 0.000000000 0.000000000 1.000000000 0.000000000 0.000000060 0.000000000 0.000000000 1.000000000 0.000000007
0.999991596 -0.002370775 -0.003321594 -0.004132097 0.002363551 0.999994814 -0.002177338 -0.005473185 0.003326739 0.002169469 0.999992132 0.664671004
0.999970973 -0.001206117 -0.007508395 -0.011307437 0.001178451 0.999992490 -0.003688065 -0.008111210 0.007512788 0.003679110 0.999964952 1.371492743
0.999937177 -0.001006715 -0.011166783 -0.030950362 0.000948542 0.999985933 -0.005213556 -0.010559012 0.011171876 0.005202636 0.999924064 2.073804855
0.999871433 0.000297851 -0.016022425 -0.051037978 -0.000395699 0.999981284 -0.006104117 -0.011023859 0.016020307 0.006109673 0.999852955 2.802047014
0.999799848 -0.000701229 -0.019993236 -0.073117748 0.000583928 0.999982595 -0.005872274 -0.027136764 0.019997008 0.005859425 0.999782920 3.553480148
0.999698818 0.000993084 -0.024519188 -0.099079199 -0.001170580 0.999973238 -0.007225789 -0.031410612 0.024511360 0.007252316 0.999673307 4.307395935
0.999568284 0.003641902 -0.029153956 -0.131067097 -0.003873884 0.999961257 -0.007904662 -0.040707186 0.029124042 0.008014188 0.999543726 5.065747261
0.999411285 0.003928528 -0.034083333 -0.146350279 -0.004134513 0.999973595 -0.005975175 -0.052316390 0.034058958 0.006112575 0.999401152 5.876884460
0.999247313 0.003437070 -0.038640868 -0.180699483 -0.003577738 0.999987245 -0.003571837 -0.057043269 0.038628094 0.003707395 0.999246776 6.676406860
0.999130487 0.003245565 -0.041565780 -0.225530475 -0.003273989 0.999994457 -0.000615785 -0.066680945 0.041563552 0.000751336 0.999135613 7.477797031
0.998995125 0.004495715 -0.044590913 -0.258570910 -0.004565752 0.999988556 -0.001468948 -0.075186841 0.044583805 0.001671063 0.999004185 8.286308289
0.998894632 0.003976400 -0.046837389 -0.302721828 -0.004058264 0.999990404 -0.001652880 -0.081441909 0.046830375 0.001841132 0.998901129 9.107472420
0.998835921 0.001315566 -0.048217874 -0.350484639 -0.001426396 0.999996424 -0.002264209 -0.087592170 0.048214730 0.002330351 0.998834193 9.933372498
0.998713732 0.001039188 -0.050693337 -0.383814782 -0.001116188 0.999998271 -0.001490636 -0.094336823 0.050691701 0.001545302 0.998713195 10.756064415
0.998637915 -0.000325391 -0.052175201 -0.431592703 0.000216857 0.999997854 -0.002085830 -0.099477813 0.052175771 0.002071675 0.998635769 11.605472565
0.998538792 0.001855964 -0.054009169 -0.485015750 -0.002072771 0.999989986 -0.003958527 -0.113598958 0.054001287 0.004064690 0.998532593 12.463523865
0.998474717 0.002211686 -0.055164978 -0.536166489 -0.002582736 0.999974489 -0.006655807 -0.121345021 0.055148859 0.006788133 0.998455107 13.328490257
0.998364866 0.005981490 -0.056847841 -0.594897032 -0.006453610 0.999946177 -0.008125026 -0.135234758 0.056796182 0.008478615 0.998349845 14.206947327
0.998302698 0.007360945 -0.057770923 -0.652563274 -0.007811532 0.999940813 -0.007577618 -0.148755893 0.057711728 0.008016036 0.998301148 15.098572731
0.998215675 0.006011808 -0.059407484 -0.706585526 -0.006401621 0.999959290 -0.006373518 -0.160051793 0.059366748 0.006742451 0.998213470 15.984320641
0.998147607 0.006709401 -0.060466964 -0.771183014 -0.007030035 0.999962330 -0.005091436 -0.170631528 0.060430530 0.005507089 0.998157203 16.879858017
0.998094320 0.006254894 -0.061388198 -0.830954969 -0.006561483 0.999967039 -0.004793936 -0.188023463 0.061356191 0.005187598 0.998102427 17.784105301
0.997982740 0.006338513 -0.063167900 -0.889993131 -0.006700514 0.999962270 -0.005520587 -0.204326078 0.063130535 0.005932709 0.997987628 18.694480896
0.997931540 0.004838461 -0.064102903 -0.954948723 -0.005236726 0.999967992 -0.006046350 -0.218667269 0.064071603 0.006369533 0.997924924 19.608734131
0.997884035 0.004460651 -0.064864770 -1.012841463 -0.004772298 0.999977827 -0.004650431 -0.226073831 0.064842597 0.004950147 0.997883201 20.527990341
0.997887433 0.006405008 -0.064649828 -1.076125383 -0.006502944 0.999978006 -0.001304536 -0.238437787 0.064640068 0.001722195 0.997907102 21.456182480
0.997950077 0.007342941 -0.063575305 -1.141703129 -0.007196465 0.999970913 0.002532671 -0.247473240 0.063592069 -0.002069961 0.997973859 22.388204575
0.998056054 0.006780254 -0.061952580 -1.204967141 -0.006455703 0.999964416 0.005437379 -0.255356014 0.061987251 -0.005026861 0.998064280 23.317966461
0.998135209 0.006302122 -0.060717441 -1.260586858 -0.005930686 0.999962628 0.006295721 -0.262549788 0.060754854 -0.005923884 0.998135149 24.279628754
0.998209476 0.006772914 -0.059430216 -1.315781236 -0.006590599 0.999972999 0.003263198 -0.267854869 0.059450716 -0.002865674 0.998227119 25.223182678
0.998263359 0.007287441 -0.058456883 -1.377607226 -0.007378037 0.999971926 -0.001334089 -0.275526166 0.058445513 0.001763070 0.998289049 26.160724640
0.998340070 0.007322738 -0.057125989 -1.432358265 -0.007576545 0.999962509 -0.004227631 -0.286981761 0.057092883 0.004653431 0.998358071 27.121122360
0.998385251 0.004674948 -0.056613691 -1.483526945 -0.004883289 0.999981880 -0.003542273 -0.293292761 0.056596104 0.003813014 0.998389900 28.080284119
0.998406231 0.002918097 -0.056359220 -1.547530770 -0.002850624 0.999995172 0.001277540 -0.301748455 0.056362674 -0.001114845 0.998409808 29.057836533
0.998365521 -0.000340266 -0.057149448 -1.604770064 0.000636926 0.999986351 0.005172798 -0.316945702 0.057146914 -0.005200744 0.998352289 30.010864258
0.998273015 -0.007565486 -0.058255501 -1.654664993 0.007839342 0.999959290 0.004473799 -0.322988123 0.058219288 -0.004922758 0.998291731 30.985385895
0.998166203 -0.010005078 -0.059700415 -1.709458947 0.010073407 0.999948859 0.000843649 -0.333412021 0.059688937 -0.001443488 0.998215973 31.957901001
0.998093247 -0.009887213 -0.060926825 -1.771937251 0.009707146 0.999947548 -0.003250748 -0.338816375 0.060955785 0.002653125 0.998136938 32.929973602
0.997973800 -0.008723556 -0.063023642 -1.842345834 0.008506451 0.999956965 -0.003712303 -0.350708514 0.063053317 0.003168674 0.998005092 33.919544220
0.997896194 -0.009517312 -0.064128794 -1.900938988 0.009402653 0.999953687 -0.002089507 -0.362137407 0.064145707 0.001482130 0.997939467 34.920623779
0.997863591 -0.005819885 -0.065071553 -1.977359414 0.005862609 0.999982715 0.000465640 -0.375349045 0.065067716 -0.000846134 0.997880518 35.907032013
0.997787654 -0.005591794 -0.066246167 -2.039308071 0.005740400 0.999981463 0.002053081 -0.392557710 0.066233456 -0.002428818 0.997801185 36.891918182
0.997723520 -0.004545916 -0.067282990 -2.114981651 0.004843309 0.999979198 0.004257560 -0.393478662 0.067262240 -0.004573741 0.997724891 37.889118195
0.997742891 -0.004114791 -0.067022577 -2.178389549 0.004631232 0.999960780 0.007551924 -0.408579201 0.066988871 -0.007845278 0.997722983 38.870067596
0.997728288 0.000966873 -0.067359485 -2.260085821 -0.000296644 0.999950409 0.009959338 -0.411675304 0.067365773 -0.009916733 0.997679114 39.860313416
0.997699797 0.001188149 -0.067776389 -2.335569143 -0.000568494 0.999957919 0.009161182 -0.412959129 0.067784421 -0.009101579 0.997658432 40.871551514
0.997695386 0.000978468 -0.067844711 -2.403847456 -0.000457541 0.999970376 0.007693327 -0.416619062 0.067850217 -0.007644555 0.997666240 41.860252380
0.997692108 0.003469806 -0.067811705 -2.484008551 -0.003118321 0.999981225 0.005288411 -0.422928810 0.067828774 -0.005064747 0.997684121 42.872543335
0.997638404 0.002897036 -0.068622820 -2.546013117 -0.002542503 0.999982953 0.005253176 -0.426594347 0.068636864 -0.005066297 0.997628808 43.846900940
0.997558653 0.001072881 -0.069824271 -2.616490602 -0.000611415 0.999977887 0.006629991 -0.435292929 0.069829836 -0.006571113 0.997537315 44.831729889
0.997532368 0.001762181 -0.070184864 -2.690289736 -0.001203345 0.999967277 0.008003823 -0.449070662 0.070196658 -0.007899617 0.997501910 45.801086426
0.997489989 0.002882855 -0.070748352 -2.763759375 -0.002578005 0.999987006 0.004399875 -0.453830898 0.070760123 -0.004206442 0.997484505 46.786708832
0.997410715 0.003226213 -0.071843520 -2.837509155 -0.003239211 0.999994755 -0.000064403 -0.457255781 0.071842946 0.000296953 0.997415960 47.756046295
0.997371137 0.004258031 -0.072335921 -2.913463116 -0.004371770 0.999989510 -0.001414118 -0.463994384 0.072329134 0.001726636 0.997379363 48.714790344
0.997364342 0.003035960 -0.072491728 -2.990104675 -0.002854716 0.999992549 0.002603684 -0.484420687 0.072499096 -0.002389878 0.997365654 49.687328339
0.997353971 0.001828894 -0.072675429 -3.057193756 -0.001431802 0.999983788 0.005515620 -0.488681465 0.072684333 -0.005396968 0.997340381 50.677185059
0.997349679 0.000200284 -0.072756544 -3.130919695 0.000269192 0.999979258 0.006442838 -0.501287758 0.072756320 -0.006445347 0.997328937 51.638820648
0.997311056 -0.003262756 -0.073212035 -3.198819637 0.003641599 0.999980748 0.005041713 -0.508866489 0.073194161 -0.005294765 0.997303665 52.598068237
0.997283399 -0.006708059 -0.073352896 -3.266332626 0.007014101 0.999967754 0.003915376 -0.514541507 0.073324271 -0.004419244 0.997298419 53.546745300
0.997211933 -0.008169408 -0.074172035 -3.339930296 0.008576870 0.999949932 0.005176607 -0.525052428 0.074126035 -0.005798338 0.997232080 54.500621796
0.997083366 -0.011757956 -0.075407848 -3.410413027 0.012493297 0.999878764 0.009287182 -0.527385116 0.075289525 -0.010202189 0.997109592 55.455341339
0.997009397 -0.012066897 -0.076331683 -3.473932028 0.013189019 0.999812067 0.014213608 -0.535418510 0.076145820 -0.015177842 0.996981204 56.390014648
0.996995568 -0.010105257 -0.076795787 -3.553985834 0.011374034 0.999805570 0.016102048 -0.531863093 0.076618142 -0.016927147 0.996916890 57.337917328
0.996909320 -0.008790936 -0.078066602 -3.633435011 0.009763115 0.999879360 0.012080257 -0.533002377 0.077950999 -0.012805094 0.996874988 58.268085480
0.996797204 -0.007278050 -0.079639152 -3.706106186 0.007653709 0.999960840 0.004412756 -0.541045249 0.079603918 -0.005008156 0.996814072 59.168342590
0.996750414 -0.006585960 -0.080281273 -3.788945436 0.006620652 0.999978065 0.000165941 -0.559151828 0.080278419 -0.000696916 0.996772230 60.093864441
0.996727169 -0.001258193 -0.080829076 -3.876247883 0.001326800 0.999998808 0.000795087 -0.567750514 0.080827981 -0.000899728 0.996727705 60.991966248
0.996555269 0.001209257 -0.082921863 -3.952246428 -0.000925738 0.999993622 0.003457476 -0.583315432 0.082925506 -0.003368802 0.996550083 61.895114899
0.996500731 0.003874432 -0.083493471 -4.030193806 -0.003489264 0.999982595 0.004758585 -0.594927430 0.083510444 -0.004450604 0.996496975 62.777366638
0.996389806 0.004538980 -0.084774740 -4.106844902 -0.004181196 0.999981642 0.004397485 -0.602495611 0.084793143 -0.004027150 0.996390402 63.642971039
0.996258676 0.006450416 -0.086179934 -4.188834667 -0.006019110 0.999968052 0.005263637 -0.611348271 0.086211123 -0.004725218 0.996265709 64.490524292
0.996149004 0.007448937 -0.087358966 -4.270980358 -0.006950743 0.999957919 0.006005653 -0.626215041 0.087400042 -0.005375316 0.996158779 65.341232300
0.996036768 0.007126648 -0.088656358 -4.346053123 -0.006573705 0.999957144 0.006527337 -0.632789671 0.088699080 -0.005918668 0.996040940 66.159576416
0.995930195 0.006586157 -0.089885592 -4.426166534 -0.005937450 0.999954402 0.007482503 -0.639392912 0.089930788 -0.006918359 0.995923996 66.984054565
0.995788991 0.009192517 -0.091212183 -4.507602692 -0.008296766 0.999913692 0.010194847 -0.645098567 0.091298044 -0.009395150 0.995779276 67.782157898
0.995642900 0.011335502 -0.092556424 -4.585851669 -0.010051221 0.999846697 0.014330103 -0.651154816 0.092704698 -0.013337359 0.995604277 68.573860168
0.995454431 0.014637722 -0.094107285 -4.667855740 -0.013192337 0.999785542 0.015962776 -0.653186560 0.094320774 -0.014648722 0.995434105 69.349304199
0.995289087 0.017311780 -0.095393755 -4.745410919 -0.016250610 0.999797225 0.011889822 -0.661270499 0.095580250 -0.010283603 0.995368659 70.089317322
0.995137990 0.017165368 -0.096983708 -4.816900730 -0.016798912 0.999848366 0.004593868 -0.667645276 0.097047873 -0.002942312 0.995275438 70.814094543
0.995002389 0.016558435 -0.098467506 -4.889838219 -0.016741313 0.999859333 -0.001031213 -0.678709805 0.098436572 0.002674535 0.995139778 71.525924683
0.994965136 0.016986823 -0.098770715 -4.964944363 -0.017300999 0.999847710 -0.002325162 -0.682228506 0.098716162 0.004022287 0.995107532 72.217826843
0.994846404 0.019892234 -0.099421911 -5.044009686 -0.019867809 0.999801874 0.001235813 -0.691860914 0.099426784 0.000745851 0.995044649 72.891769409
0.994707108 0.020579780 -0.100668319 -5.118834019 -0.020317767 0.999786973 0.003627386 -0.710142851 0.100721516 -0.001562832 0.994913459 73.548698425
0.994689524 0.017410373 -0.101437241 -5.183968544 -0.017453913 0.999847531 0.000458318 -0.721148908 0.101429746 0.001314593 0.994841933 74.175239563
0.994773805 0.009015377 -0.101704501 -5.228991508 -0.009543489 0.999943435 -0.004707232 -0.733877182 0.101656310 0.005653248 0.994803488 74.786636353
0.994872570 0.004292245 -0.101044811 -5.278553009 -0.005284075 0.999940455 -0.009550155 -0.736445069 0.100997798 0.010035117 0.994836032 75.384147644
0.995164990 0.006307556 -0.098015174 -5.336884975 -0.007292454 0.999926448 -0.009693413 -0.748349011 0.097946815 0.010361317 0.995137751 75.972396851
0.995506883 0.011369625 -0.094003856 -5.396311283 -0.012031090 0.999906719 -0.006472811 -0.763673663 0.093921483 0.007574696 0.995550811 76.524818420
0.995985448 0.010569441 -0.088887759 -5.454355717 -0.010942372 0.999933243 -0.003709290 -0.777771413 0.088842615 0.004667043 0.996034741 77.088523865
0.996506691 0.007075951 -0.083212063 -5.488829136 -0.007067556 0.999974966 0.000395458 -0.789516270 0.083212771 0.000194030 0.996531844 77.630714417
0.997189522 0.002396321 -0.074880339 -5.519661903 -0.002096839 0.999989390 0.004077831 -0.802220643 0.074889340 -0.003909358 0.997184157 78.165443420
0.997894585 0.006085179 -0.064569794 -5.545851231 -0.005830444 0.999974430 0.004132788 -0.816605210 0.064593293 -0.003747617 0.997904658 78.675918579
0.998720407 0.011142211 -0.049328089 -5.574649811 -0.010983801 0.999933660 0.003481228 -0.819455564 0.049363606 -0.002934963 0.998776555 79.178474426
0.999389112 0.016263912 -0.030932846 -5.594265938 -0.016149372 0.999861777 0.003949059 -0.823197186 0.030992793 -0.003447100 0.999513686 79.670738220
0.999850810 0.014867725 -0.008798512 -5.583724022 -0.014827625 0.999879479 0.004605277 -0.830006719 0.008865921 -0.004474129 0.999950707 80.154098511
0.999782860 0.011343366 0.017479649 -5.554388523 -0.011438417 0.999920309 0.005347408 -0.833684862 -0.017417599 -0.005546186 0.999832928 80.617309570
0.998838127 0.010303034 0.047076337 -5.514002800 -0.010642534 0.999919176 0.006966752 -0.842992306 -0.047000747 -0.007459670 0.998866916 81.060173035
0.996746063 0.009723662 0.080017023 -5.458907127 -0.010486568 0.999903440 0.009119606 -0.858364344 -0.079920642 -0.009929035 0.996751785 81.496902466
0.993002534 0.009831295 0.117682889 -5.382932663 -0.011008457 0.999895692 0.009356993 -0.859895289 -0.117578618 -0.010587024 0.993007183 81.939308167
0.987189770 0.009831444 0.159247503 -5.288322926 -0.011412131 0.999894321 0.009014483 -0.861198783 -0.159142047 -0.010716357 0.987197518 82.365158081
0.978946209 0.009474028 0.203898638 -5.167109489 -0.011467897 0.999897361 0.008599370 -0.863704443 -0.203796223 -0.010756607 0.978954196 82.781730652
0.967420638 0.011161375 0.252928466 -5.041276455 -0.013343985 0.999887168 0.006915521 -0.876964927 -0.252822727 -0.010065290 0.967460275 83.170486450
0.952006698 0.012510173 0.305821359 -4.881686687 -0.014366389 0.999889612 0.003819581 -0.882196128 -0.305739790 -0.008029814 0.952081323 83.556228638
0.932113826 0.012326006 0.361955673 -4.718941212 -0.013921616 0.999901414 0.001800605 -0.890524507 -0.361897856 -0.006717376 0.932193577 83.895423889
0.907873988 0.012814377 0.419047475 -4.516031742 -0.014151899 0.999899805 0.000083628 -0.897088110 -0.419004470 -0.006006241 0.907964349 84.243911743
0.878887653 0.013134814 0.476847917 -4.298831940 -0.013820248 0.999902308 -0.002070027 -0.901544273 -0.476828545 -0.004770834 0.878983378 84.565422058
0.845294654 0.011806637 0.534170091 -4.057813168 -0.011370072 0.999926865 -0.004108645 -0.909166515 -0.534179568 -0.002600536 0.845367074 84.872337341
0.808158875 0.012349285 0.588835120 -3.799066305 -0.010559504 0.999923229 -0.006478184 -0.908977568 -0.588869929 -0.000982405 0.808227181 85.163406372
0.768436313 0.010087371 0.639846683 -3.510505199 -0.008930289 0.999947429 -0.005039461 -0.922860444 -0.639863968 -0.001841512 0.768486023 85.440567017
0.725548208 0.010397998 0.688092649 -3.222627401 -0.011783050 0.999926984 -0.002685784 -0.931596220 -0.688070416 -0.006159164 0.725617766 85.690132141
0.681839883 0.009257444 0.731442750 -2.919871569 -0.009601527 0.999947011 -0.003705347 -0.927705050 -0.731438279 -0.004496513 0.681892753 85.880561829
0.635022163 0.007901260 0.772453487 -2.602271318 -0.006586415 0.999966741 -0.004813854 -0.936993957 -0.772465765 -0.002030795 0.635053039 86.088134766
0.588052928 0.005256861 0.808805287 -2.269317389 -0.000840406 0.999982238 -0.005888395 -0.943771243 -0.808821976 0.002782964 0.588047028 86.272460938
0.541976094 0.007304799 0.840362012 -1.929191113 -0.002919928 0.999972641 -0.006809049 -0.955138862 -0.840388834 0.001236546 0.541982472 86.434318542
0.494181842 0.010551772 0.869294405 -1.597341061 -0.006355758 0.999943554 -0.008524470 -0.959517002 -0.869335413 -0.001312387 0.494220972 86.597656250
0.449010134 0.012566124 0.893438280 -1.255026340 -0.006988980 0.999920011 -0.010551368 -0.967900097 -0.893499374 -0.001506550 0.449062020 86.729866028
0.406001180 0.011356322 0.913801968 -0.894127369 -0.000309857 0.999924541 -0.012288947 -0.963671803 -0.913872480 0.004706179 0.405974030 86.853660583
0.365773439 0.002351869 0.930700898 -0.529952288 0.014520997 0.999860644 -0.008233511 -0.984723389 -0.930590570 0.016526306 0.365688384 86.946861267
0.330227405 -0.001073737 0.943900764 -0.164801657 0.018567612 0.999813199 -0.005358614 -0.987981021 -0.943718791 0.019295545 0.330185741 87.037170410
0.297474861 0.002836245 0.954725504 0.204340354 0.016102120 0.999838471 -0.007987389 -0.995726109 -0.954593897 0.017749153 0.297381163 87.128921509
0.266343087 0.010414702 0.963822067 0.574734926 0.005477253 0.999909163 -0.012318234 -1.010969162 -0.963862777 0.008559974 0.266261876 87.229026794
0.237238333 0.014863055 0.971337736 0.953690290 0.000552370 0.999880731 -0.015434720 -1.027209282 -0.971451342 0.004198245 0.237201855 87.320213318
0.211506307 0.016133122 0.977243483 1.343547344 0.001023425 0.999859512 -0.016727990 -1.048683763 -0.977376044 0.004538211 0.211460084 87.390640259
0.188283429 0.017776502 0.981953859 1.746617317 0.008459053 0.999769688 -0.019720998 -1.055496931 -0.982078254 0.012019537 0.188089699 87.439002991
0.168410480 0.023544936 0.985435784 2.158888102 0.015390275 0.999530017 -0.026511880 -1.059611440 -0.985596836 0.019631006 0.167968974 87.479598999
0.148506269 0.030817136 0.988431215 2.584328890 0.017893896 0.999266982 -0.033843428 -1.054520130 -0.988749564 0.022712842 0.147845939 87.532928467
0.130747154 0.031461895 0.990916431 3.024036646 0.015416094 0.999310970 -0.033762515 -1.069297075 -0.991295874 0.019690413 0.130172059 87.586242676
0.115409322 0.027121330 0.992947638 3.473537207 0.014293095 0.999478400 -0.028960980 -1.089274526 -0.993215144 0.017534662 0.114961490 87.636253357
0.100735277 0.023890486 0.994626284 3.942838907 0.014049790 0.999577940 -0.025432369 -1.110944748 -0.994814038 0.016536228 0.100357108 87.676681519
0.087696582 0.021562401 0.995913804 4.428890228 0.016805131 0.999591470 -0.023121821 -1.126021147 -0.996005476 0.018764164 0.087298401 87.707412720
0.076141566 0.020572206 0.996884704 4.919077873 0.020275954 0.999548495 -0.022175841 -1.141289353 -0.996890843 0.021901291 0.075690076 87.730331421
0.065886386 0.021181066 0.997602224 5.432290077 0.023437891 0.999466002 -0.022768579 -1.154000878 -0.997551858 0.024881832 0.065354742 87.754570007
0.058009271 0.021941261 0.998074889 5.959857464 0.025760410 0.999392688 -0.023467451 -1.166455388 -0.997983694 0.027072145 0.057408817 87.779205322
0.052455340 0.022079738 0.998379052 6.509761810 0.027399767 0.999347389 -0.023540746 -1.184828877 -0.998247266 0.028590197 0.051816117 87.804267883
0.046918921 0.023283388 0.998627186 7.069224358 0.028561667 0.999288261 -0.024640722 -1.197484851 -0.998490274 0.029678576 0.046220515 87.823402405
0.041446920 0.024084819 0.998850346 7.643635273 0.029433899 0.999246120 -0.025315709 -1.211731553 -0.998707056 0.030449323 0.040706772 87.837234497
0.036493655 0.023935543 0.999047101 8.250118256 0.031714454 0.999181807 -0.025097253 -1.231094360 -0.998830557 0.032600127 0.035704698 87.862678528
0.033677693 0.024216162 0.999139190 8.871797562 0.032857291 0.999139190 -0.025323672 -1.246499300 -0.998892546 0.033681858 0.032853030 87.878341675
0.030669531 0.023289347 0.999258220 9.510574341 0.034143314 0.999120712 -0.024334075 -1.270262361 -0.998946249 0.034864299 0.029847393 87.893325806
0.028336827 0.022775352 0.999338984 10.167455673 0.036258489 0.999059081 -0.023797102 -1.288846254 -0.998940706 0.036908858 0.027484370 87.907005310
0.027578954 0.022440923 0.999367654 10.842049599 0.040619191 0.998897076 -0.023551304 -1.306933165 -0.998794019 0.041243028 0.026637005 87.922683716
0.028752767 0.022168599 0.999340594 11.532049179 0.044192981 0.998748302 -0.023426967 -1.323797107 -0.998609185 0.044837434 0.027737083 87.936286926
0.031095449 0.021880502 0.999276876 12.239496231 0.046052705 0.998667240 -0.023300219 -1.347566724 -0.998454988 0.046743944 0.030046348 87.960548401
0.034933221 0.021927569 0.999149024 12.962730408 0.048345100 0.998551726 -0.023604749 -1.365212679 -0.998219669 0.049128555 0.033822540 87.981552124
0.039404616 0.021369783 0.998994708 13.706357956 0.048842277 0.998535037 -0.023286495 -1.386237502 -0.998028994 0.049710780 0.038303144 88.011573792
0.043324403 0.019720843 0.998866439 14.459465027 0.050429750 0.998487413 -0.021900682 -1.406634212 -0.997787476 0.051321421 0.042264365 88.045928955
0.046947125 0.018221825 0.998731077 15.220398903 0.049748156 0.998550236 -0.020557022 -1.426573277 -0.997657895 0.050650127 0.045972560 88.094001770
0.051384244 0.016280465 0.998546183 16.011228561 0.046892576 0.998724937 -0.018696427 -1.446214914 -0.997577488 0.047785107 0.050555300 88.132072449
0.055192016 0.015256589 0.998359144 16.806947708 0.046206202 0.998772979 -0.017817318 -1.465039372 -0.997406185 0.047113750 0.054419350 88.189155579
0.059253082 0.016222434 0.998111069 17.610412598 0.043532882 0.998874724 -0.018819183 -1.487080932 -0.997293413 0.044565745 0.058480199 88.245002747
0.062406350 0.019985355 0.997850657 18.405321121 0.040822100 0.998911738 -0.022559654 -1.518373847 -0.997215569 0.042142235 0.061522599 88.291351318
0.063664421 0.025668519 0.997641265 19.205163956 0.035060953 0.998994589 -0.027940756 -1.538118243 -0.997355223 0.036757089 0.062700450 88.353996277
0.063339286 0.028874874 0.997574210 20.015645981 0.031997547 0.999008656 -0.030948028 -1.563623428 -0.997478902 0.033880159 0.062352579 88.415596008
0.063761212 0.028087342 0.997569799 20.838956833 0.029764013 0.999105632 -0.030033000 -1.602711082 -0.997521281 0.031606618 0.062868200 88.472488403
0.063605756 0.026671793 0.997618556 21.649494171 0.026611676 0.999242067 -0.028411891 -1.630892158 -0.997620285 0.028355464 0.062847763 88.536682129
0.064067975 0.025139224 0.997628748 22.467046738 0.027850812 0.999248207 -0.026968617 -1.666394591 -0.997556865 0.029512597 0.063319668 88.579399109
0.063778669 0.024068018 0.997673690 23.298587799 0.025399774 0.999346137 -0.025732102 -1.707583427 -0.997640729 0.026981853 0.063125648 88.653656006
0.063949160 0.024353949 0.997655928 24.114152908 0.023635406 0.999384761 -0.025911167 -1.740431786 -0.997673213 0.025236998 0.063334204 88.712074280
0.063808173 0.025137139 0.997645557 24.925569534 0.020560011 0.999437451 -0.026497278 -1.770322442 -0.997750342 0.022202346 0.063255467 88.774528503
0.062676221 0.026257914 0.997688413 25.729368210 0.017961985 0.999462247 -0.027432995 -1.805421948 -0.997872293 0.019639866 0.062170878 88.829475403
0.059628002 0.026071614 0.997880042 26.543331146 0.014682529 0.999527812 -0.026992012 -1.835470200 -0.998112679 0.016260885 0.059217051 88.888992310
0.055640642 0.024819499 0.998142302 27.357156754 0.012196673 0.999599457 -0.025535630 -1.867098927 -0.998376369 0.013594836 0.055315647 88.943092346
0.050841540 0.022426181 0.998454869 28.169631958 0.010441028 0.999681175 -0.022985388 -1.896236539 -0.998652160 0.011593508 0.050591193 88.988929749
0.045054872 0.020065719 0.998782933 28.983770370 0.008503488 0.999754190 -0.020468825 -1.927094936 -0.998948336 0.009415359 0.044873174 89.026084900
0.037605692 0.020587819 0.999080539 29.784389496 0.008059332 0.999748886 -0.020904949 -1.955077052 -0.999260187 0.008838068 0.037430331 89.053153992
0.028811220 0.021385191 0.999356031 30.584146500 0.007996339 0.999734223 -0.021623818 -1.984328270 -0.999552846 0.008614199 0.028632557 89.077056885
0.018643787 0.021906678 0.999586165 31.386524200 0.008356052 0.999721587 -0.022065502 -2.008247852 -0.999791205 0.008763977 0.018455544 89.093566895
0.008359149 0.021071585 0.999743044 32.191188812 0.010505256 0.999720991 -0.021158958 -2.034046650 -0.999909878 0.010679428 0.008135452 89.102615356
-0.002340178 0.019902380 0.999799192 32.974327087 0.008635451 0.999765038 -0.019881487 -2.064581871 -0.999960005 0.008587191 -0.002511495 89.098106384
-0.013829162 0.019443773 0.999715269 33.759773254 0.009810843 0.999765456 -0.019309033 -2.088301420 -0.999856293 0.009541024 -0.014016679 89.088424683
-0.024328323 0.019720111 0.999509454 34.548999786 0.010643478 0.999753833 -0.019465869 -2.116353750 -0.999647379 0.010164685 -0.024532223 89.061523438
-0.035550542 0.020472920 0.999158144 35.325359344 0.010699959 0.999740660 -0.020104144 -2.140690088 -0.999310672 0.009976239 -0.035760384 89.035018921
-0.045976438 0.021246247 0.998716474 36.102001190 0.010370895 0.999730051 -0.020790376 -2.171470881 -0.998888731 0.009401718 -0.046184376 88.993911743
-0.056373104 0.022372229 0.998159051 36.868370056 0.011068994 0.999701440 -0.021781653 -2.194857597 -0.998348475 0.009820717 -0.056603916 88.951698303
-0.065603733 0.022845153 0.997584224 37.625537872 0.012127399 0.999682248 -0.022095671 -2.227439404 -0.997772098 0.010648543 -0.065859944 88.891387939
-0.075768001 0.023611883 0.996845782 38.404880524 0.012770829 0.999660611 -0.022707872 -2.253560305 -0.997043669 0.011010020 -0.076043829 88.844680786
-0.084961571 0.023950323 0.996096253 39.145580292 0.013386938 0.999648273 -0.022893894 -2.282440424 -0.996294260 0.011389580 -0.085252315 88.779785156
-0.093294017 0.023389824 0.995363772 39.875530243 0.014503249 0.999649942 -0.022131175 -2.307521343 -0.995532930 0.012371305 -0.093600571 88.702728271
-0.100862712 0.022374341 0.994648695 40.612358093 0.016718365 0.999643981 -0.020791380 -2.332993269 -0.994759798 0.014531828 -0.101200864 88.624679565
-0.106164560 0.020771470 0.994131565 41.335182190 0.019417571 0.999634385 -0.018812822 -2.359156847 -0.994158924 0.017306369 -0.106529079 88.547531128
-0.109792180 0.019334350 0.993766427 42.044036865 0.022721924 0.999598324 -0.016937474 -2.381270409 -0.993694782 0.020720687 -0.110187389 88.460090637
-0.112439342 0.018196320 0.993491948 42.755523682 0.024461020 0.999580026 -0.015539424 -2.403923512 -0.993357480 0.022554584 -0.112837225 88.375450134
-0.114281595 0.017067574 0.993301749 43.440982819 0.024308389 0.999601185 -0.014379078 -2.428215742 -0.993151009 0.022502303 -0.114650905 88.298698425
-0.114918351 0.017734217 0.993216574 44.099575043 0.025706731 0.999558806 -0.014873106 -2.446783781 -0.993042290 0.023823163 -0.115323536 88.219047546
-0.113974147 0.018766450 0.993306458 44.749130249 0.026214872 0.999530137 -0.015876085 -2.466447592 -0.993137777 0.024229936 -0.114412569 88.147140503
-0.110998869 0.020308305 0.993612945 45.367885590 0.027440449 0.999472618 -0.017362630 -2.488191843 -0.993441641 0.025337959 -0.111497588 88.079582214
-0.105712563 0.020733472 0.994180501 45.993324280 0.027427938 0.999462962 -0.017927188 -2.513094187 -0.994018435 0.025373193 -0.106224492 88.010589600
-0.097797625 0.021624446 0.994971275 46.590545654 0.026918365 0.999455571 -0.019076053 -2.531413794 -0.994842291 0.024917413 -0.098326474 87.955337524
-0.086720735 0.021605983 0.995998263 47.165607452 0.025555009 0.999484003 -0.019456547 -2.555615902 -0.995904922 0.023765460 -0.087228134 87.916320801
-0.073128857 0.021671150 0.997086942 47.721363068 0.024942651 0.999490857 -0.019894045 -2.579696417 -0.997010589 0.023415165 -0.073632173 87.887794495
-0.056114163 0.022459768 0.998171628 48.262516022 0.023979850 0.999488831 -0.021141334 -2.609962940 -0.998136401 0.022749683 -0.056624062 87.875205994
-0.034618065 0.025243348 0.999081731 48.786987305 0.021704864 0.999464095 -0.024500936 -2.628611326 -0.999164939 0.020836754 -0.035147425 87.866477966
-0.009852384 0.028292421 0.999551117 49.308921814 0.019621158 0.999412656 -0.028095098 -2.653045654 -0.999759018 0.019335547 -0.010401725 87.878776550
0.018498426 0.030106651 0.999375463 49.825649261 0.017697699 0.999380052 -0.030434374 -2.671916723 -0.999672294 0.018249635 0.017954139 87.910690308
0.051495437 0.029463977 0.998238385 50.340148926 0.014884739 0.999431014 -0.030267023 -2.695936918 -0.998562276 0.016417135 0.051027585 87.959266663
0.090290301 0.026484380 0.995563269 50.802436829 0.014010515 0.999513626 -0.027860124 -2.724352598 -0.995816946 0.016463855 0.089875340 88.001434326
0.132227495 0.023189018 0.990948081 51.337360382 0.012025404 0.999615192 -0.024996446 -2.741134167 -0.991146505 0.015221769 0.131897792 88.103683472
0.177682042 0.019286899 0.983898938 51.821132660 0.009325364 0.999729991 -0.021281295 -2.757008314 -0.984043837 0.012956518 0.177454248 88.215698242
0.226210102 0.015769137 0.973950863 52.310283661 0.004903241 0.999837875 -0.017327096 -2.777042150 -0.974066257 0.008695080 0.226096109 88.358070374
0.278291851 0.014183269 0.960391760 52.778842926 0.000973277 0.999886274 -0.015048559 -2.796526194 -0.960496068 0.005122618 0.278246462 88.522529602
0.333032072 0.013878739 0.942813277 53.220993042 -0.000227072 0.999892771 -0.014638774 -2.811490059 -0.942915499 0.004661094 0.332999527 88.713859558
0.388725042 0.014727293 0.921236038 53.648860931 0.001947298 0.999856889 -0.016805844 -2.827847958 -0.921351731 0.008326774 0.388640821 88.949378967
0.449271232 0.017511997 0.893223703 54.066444397 0.002931495 0.999773622 -0.021075424 -2.848480463 -0.893390656 0.012087061 0.449118197 89.187232971
0.510110676 0.020707324 0.859859467 54.467128754 0.003879747 0.999644578 -0.026375320 -2.867433310 -0.860100091 0.016790368 0.509849131 89.446434021
0.568634748 0.025733277 0.822187483 54.819221497 0.000474907 0.999500155 -0.031611361 -2.866863966 -0.822589993 0.018365782 0.568338394 89.732460022
0.622165382 0.028862549 0.782353580 55.145542145 -0.004394105 0.999433279 -0.033376638 -2.886412859 -0.782873452 0.017328048 0.621939600 90.075607300
0.675778210 0.028919011 0.736537457 55.474346161 -0.005792121 0.999407530 -0.033925891 -2.911262035 -0.737082362 0.018660259 0.675545335 90.415763855
0.724765837 0.027307216 0.688453972 55.764549255 -0.006213732 0.999432683 -0.033100586 -2.926392078 -0.688967347 0.019712303 0.724524319 90.771224976
0.768979192 0.024812525 0.638792157 56.008541107 -0.009037457 0.999568582 -0.027946820 -2.937132835 -0.639209986 0.015717462 0.768871605 91.159370422
0.810805619 0.020587500 0.584953308 56.260272980 -0.009733069 0.999717295 -0.021694129 -2.940388918 -0.585234582 0.011896332 0.810776770 91.555778503
0.847643197 0.018579982 0.530241251 56.480915070 -0.012270721 0.999805808 -0.015417852 -2.947630167 -0.530424774 0.006562392 0.847706616 91.979118347
0.878742158 0.015140559 0.477056533 56.663352966 -0.012956390 0.999885082 -0.007868024 -2.957586050 -0.477120906 0.000733033 0.878837407 92.410354614
0.904464483 0.016493384 0.426229894 56.828327179 -0.017172987 0.999849975 -0.002248913 -2.968408585 -0.426203042 -0.005285578 0.904612005 92.849418640
0.924294829 0.018368641 0.381237030 56.941753387 -0.020540098 0.999787748 0.001627246 -2.983925819 -0.381126165 -0.009334701 0.924475908 93.256942749
0.939476967 0.023874408 0.341779262 57.060150146 -0.027015593 0.999625087 0.004432881 -2.992233038 -0.341545343 -0.013397961 0.939769864 93.696517944
0.951409101 0.028091619 0.306645602 57.170959473 -0.030718466 0.999521077 0.003742640 -2.994484186 -0.306393623 -0.012980466 0.951816440 94.155494690
0.960651994 0.030643547 0.276059151 57.277717590 -0.032949839 0.999450088 0.003718891 -2.991417170 -0.275793403 -0.012668663 0.961133480 94.621696472
0.966749132 0.025243437 0.254477769 57.387126923 -0.027144259 0.999623716 0.003960062 -2.995728016 -0.254282027 -0.010735997 0.967070520 95.088020325
0.970814764 0.022222862 0.238798678 57.497776031 -0.024168933 0.999694347 0.005224011 -3.008530140 -0.238609597 -0.010843057 0.971055031 95.566711426
0.973639488 0.027239701 0.226459965 57.586097717 -0.029106382 0.999564230 0.004907222 -3.014539719 -0.226227626 -0.011369295 0.974008143 96.074195862
0.975669801 0.032258481 0.216859117 57.676464081 -0.034298562 0.999395728 0.005649210 -3.010334730 -0.216545850 -0.012949719 0.976186633 96.580047607
0.976866543 0.038668424 0.210324496 57.781223297 -0.040327296 0.999180019 0.003602391 -2.997903824 -0.210012749 -0.012000874 0.977625012 97.061111450
0.977178037 0.044606186 0.207685232 57.874221802 -0.045615967 0.998959064 0.000073111 -3.002350807 -0.207465768 -0.009545206 0.978195786 97.578781128
0.977331460 0.046361338 0.206576228 57.985752106 -0.046840038 0.998899102 -0.002575567 -3.008800745 -0.206468210 -0.007158856 0.978427112 98.116676331
0.976734340 0.045236774 0.209626868 58.094223022 -0.044892054 0.998971343 -0.006404807 -3.016269445 -0.209700972 -0.003154785 0.977760494 98.655021667
0.976047635 0.043581910 0.213146418 58.224723816 -0.041813780 0.999043405 -0.012798610 -3.020804405 -0.213500306 0.003579597 0.976936460 99.202957153
0.975283980 0.043104675 0.216709718 58.359920502 -0.040321503 0.999037743 -0.017250227 -3.026207447 -0.217244804 0.008085806 0.976083577 99.747924805
0.974090219 0.047461592 0.221123427 58.482662201 -0.044728775 0.998848379 -0.017352646 -3.029303789 -0.221692383 0.007012461 0.975091398 100.329032898
0.972571194 0.050959643 0.226954624 58.610557556 -0.049254350 0.998699367 -0.013174448 -3.043677568 -0.227330834 0.001634584 0.973816156 100.921409607
0.971637666 0.047651306 0.231624037 58.759120941 -0.046912286 0.998861074 -0.008700724 -3.053390503 -0.231774867 -0.002412064 0.972766459 101.516929626
0.970895290 0.043609910 0.235500783 58.911094666 -0.044186763 0.999019206 -0.002829841 -3.068022966 -0.235393241 -0.007658539 0.971870005 102.142425537
0.970088243 0.041438561 0.239189401 59.064651489 -0.043161396 0.999066234 0.001967043 -3.078563690 -0.238884538 -0.012231954 0.970970929 102.756652832
0.969524384 0.036707979 0.242229015 59.225215912 -0.038484517 0.999255836 0.002605054 -3.084143400 -0.241953164 -0.011847732 0.970215559 103.392906189
0.969527125 0.033233136 0.242719412 59.385017395 -0.034084957 0.999418795 -0.000690249 -3.088665724 -0.242601305 -0.007603866 0.970096231 104.035186768
0.969649196 0.032631528 0.242312819 59.546871185 -0.031747200 0.999467492 -0.007554288 -3.097318411 -0.242430300 -0.000367745 0.970168710 104.676948547
0.969768405 0.035297073 0.241460785 59.709033966 -0.032837108 0.999359787 -0.014205566 -3.108072996 -0.241807625 0.005847235 0.970306575 105.329727173
0.970440328 0.037643794 0.238387197 59.874176025 -0.034312166 0.999247074 -0.018111439 -3.112602472 -0.238889500 0.009396491 0.971001267 106.015441895
0.971050560 0.036249176 0.236107945 60.039409637 -0.033911165 0.999327362 -0.013956927 -3.119537354 -0.236455083 0.005546185 0.971626580 106.712936401
0.971483946 0.031879757 0.234952256 60.208003998 -0.031301823 0.999490798 -0.006189775 -3.135708570 -0.235029966 -0.001341167 0.971987247 107.417694092
0.972121954 0.031882867 0.232297838 60.374271393 -0.032691170 0.999465466 -0.000370265 -3.149116278 -0.232185468 -0.007234146 0.972644687 108.127494812
0.972357988 0.036193702 0.230672866 60.537811279 -0.036972571 0.999315858 -0.000946641 -3.156650543 -0.230549321 -0.007608095 0.973030865 108.850425720
0.972637951 0.041954186 0.228506669 60.693401337 -0.041759104 0.999111474 -0.005690957 -3.162552118 -0.228542402 -0.004006993 0.973525703 109.583244324
0.973526895 0.042551544 0.224576712 60.860214233 -0.041158799 0.999093294 -0.010881699 -3.172519922 -0.224836141 0.001350317 0.974395633 110.323554993
0.974502623 0.041146621 0.220571160 61.029644012 -0.039051369 0.999141216 -0.013853214 -3.182632923 -0.220951751 0.004886386 0.975272477 111.076675415
0.975444138 0.038909134 0.216782764 61.199493408 -0.037124995 0.999234974 -0.012298035 -3.195889711 -0.217095435 0.003947984 0.976142406 111.848426819
0.976299644 0.035274215 0.213529363 61.368312836 -0.033904064 0.999374330 -0.010076432 -3.212785959 -0.213751197 0.002598102 0.976884723 112.629478455
0.976746202 0.033940114 0.211695597 61.539363861 -0.033187870 0.999423981 -0.007106590 -3.227436304 -0.211814836 -0.000084391 0.977309823 113.424148560
0.977071941 0.031092070 0.210626960 61.707527161 -0.030735223 0.999515295 -0.004968343 -3.235397816 -0.210679308 -0.001619239 0.977553964 114.222930908
0.977348328 0.025541095 0.210089907 61.887218475 -0.025304873 0.999672532 -0.003812927 -3.247383356 -0.210118547 -0.001589739 0.977674663 115.015045166
0.977477074 0.026476832 0.209373847 62.055599213 -0.026606470 0.999643564 -0.002197866 -3.258254766 -0.209357455 -0.003422335 0.977833211 115.818534851
0.977215827 0.031743523 0.209860504 62.218627930 -0.031600066 0.999492466 -0.004037569 -3.268212795 -0.209882185 -0.002686029 0.977723002 116.636611938
0.976936162 0.037300874 0.210248291 62.388988495 -0.036542416 0.999303997 -0.007492605 -3.278334379 -0.210381478 -0.000363183 0.977619290 117.460952759
0.976353586 0.046032172 0.211221650 62.551742554 -0.045124393 0.998939753 -0.009118394 -3.287791014 -0.211417452 -0.000628471 0.977395654 118.292564392
0.975348890 0.052221123 0.214400321 62.712497711 -0.051511787 0.998632729 -0.008898094 -3.297763109 -0.214571878 -0.002365398 0.976705313 119.123466492
0.974559724 0.054946806 0.217288181 62.889514923 -0.054817732 0.998474419 -0.006626336 -3.319945335 -0.217320770 -0.005453485 0.976084948 119.953163147
0.974041104 0.055278018 0.219518006 63.078907013 -0.055042736 0.998458087 -0.007192565 -3.341173649 -0.219577119 -0.005077017 0.975581944 120.783843994
0.973645568 0.053700995 0.221653789 63.260635376 -0.052716140 0.998555779 -0.010361243 -3.348805428 -0.221890092 -0.001596553 0.975070417 121.619331360
0.973615408 0.047470607 0.223202780 63.455223083 -0.046610113 0.998871505 -0.009124957 -3.364605904 -0.223384067 -0.001519307 0.974729359 122.462127686
0.973915398 0.041168306 0.223145589 63.658363342 -0.039796103 0.999151111 -0.010644726 -3.385845423 -0.223394379 0.001486738 0.974727035 123.284812927
0.973759711 0.039675623 0.224093124 63.853679657 -0.038350787 0.999211609 -0.010263084 -3.408586740 -0.224323645 0.001399631 0.974513769 124.123176575
0.973191321 0.042362284 0.226062059 64.042167664 -0.041774951 0.999099672 -0.007383498 -3.424399376 -0.226171330 -0.002258175 0.974084973 124.968261719
0.972807884 0.044195950 0.227357760 64.228965759 -0.045017470 0.998984993 -0.001573452 -3.439045429 -0.227196500 -0.008704404 0.973810077 125.810546875
0.972382009 0.048035175 0.228398621 64.414550781 -0.049935721 0.998749256 0.002545993 -3.456408978 -0.227990657 -0.013880928 0.973564386 126.652214050
0.972175777 0.047224663 0.229442835 64.601364136 -0.047601607 0.998858988 -0.003894784 -3.471180439 -0.229364946 -0.007135435 0.973314345 127.459320068
0.972444415 0.043240976 0.229089528 64.794677734 -0.040082812 0.999026656 -0.018423222 -3.488921881 -0.229663163 0.008733006 0.973230958 128.265625000
